-4.130110931396484375e+01 -4.341615295410156250e+01 4.828816986083984375e+01
-3.768392181396484375e+01 -5.775344467163085938e+01 3.494863128662109375e+01
-3.269983673095703125e+01 -7.052622222900390625e+01 2.376866531372070312e+01
-2.463190841674804688e+01 -8.875028991699218750e+01 1.043665695190429688e+01
-1.455531787872314453e+01 -1.005569000244140625e+02 4.089283943176269531e+00
-8.702440261840820312e-01 -1.128693542480468750e+02 -1.043122863769531250e+01
1.486613845825195312e+01 -1.203256072998046875e+02 -2.035757255554199219e+01
3.740542221069335938e+01 -1.270126647949218750e+02 -2.833557891845703125e+01
5.351288223266601562e+01 -1.222264556884765625e+02 -3.962086486816406250e+01
6.912435913085937500e+01 3.004949378967285156e+01 -2.895428466796875000e+01
6.817330932617187500e+01 1.370203781127929688e+01 -4.131524658203125000e+01
6.837445068359375000e+01 -2.577685117721557617e+00 -4.965010833740234375e+01
7.041082763671875000e+01 -2.301299285888671875e+01 -5.821196746826171875e+01
7.278214263916015625e+01 -4.063258361816406250e+01 -6.027761840820312500e+01
6.900204467773437500e+01 -6.301081085205078125e+01 -6.174395751953125000e+01
6.719459533691406250e+01 -8.188242340087890625e+01 -5.835512542724609375e+01
6.580120849609375000e+01 -1.068665161132812500e+02 -4.875424957275390625e+01
1.868394088745117188e+01 -5.341395568847656250e+01 7.783020019531250000e+01
3.103251838684082031e+01 -5.208604431152343750e+01 7.783744812011718750e+01
4.146243667602539062e+01 -4.997330856323242188e+01 7.578444671630859375e+01
5.056106567382812500e+01 -4.845714950561523438e+01 7.198239898681640625e+01
5.259030532836914062e+01 -4.743657302856445312e+01 6.681033325195312500e+01
7.738546752929687500e+01 -3.217951202392578125e+01 4.840792846679687500e+01
8.283380126953125000e+01 -2.554283142089843750e+01 4.765743255615234375e+01
8.974567413330078125e+01 -2.104199981689453125e+01 4.142192077636718750e+01
8.945973968505859375e+01 -1.635005187988281250e+01 3.630213165283203125e+01
9.333171081542968750e+01 -9.265580177307128906e+00 2.633697891235351562e+01
6.509117126464843750e+01 -4.674229431152343750e+01 4.873630905151367188e+01
6.808259582519531250e+01 -5.785739135742187500e+01 4.268826293945312500e+01
7.310206604003906250e+01 -6.885882568359375000e+01 3.690905380249023438e+01
7.739608764648437500e+01 -8.257952117919921875e+01 3.071529960632324219e+01
4.833386230468750000e+01 -8.432433319091796875e+01 1.585979652404785156e+01
5.712900161743164062e+01 -8.388293457031250000e+01 1.399738216400146484e+01
6.357624816894531250e+01 -8.545973205566406250e+01 1.347185611724853516e+01
6.833476257324218750e+01 -7.705593872070312500e+01 7.491659164428710938e+00
7.029891967773437500e+01 -6.814315795898437500e+01 7.633799910545349121e-01
1.485238647460937500e+01 -6.057306671142578125e+01 5.877649688720703125e+01
3.081624603271484375e+01 -5.885157775878906250e+01 6.280236434936523438e+01
4.014242553710937500e+01 -5.462812042236328125e+01 5.823476791381835938e+01
4.228661346435546875e+01 -5.131914901733398438e+01 4.807419586181640625e+01
3.769859313964843750e+01 -5.838031005859375000e+01 5.080062484741210938e+01
2.556307220458984375e+01 -6.410830688476562500e+01 5.675115966796875000e+01
6.735885620117187500e+01 -3.356971359252929688e+01 2.855956268310546875e+01
7.446588134765625000e+01 -3.079127120971679688e+01 3.070623016357421875e+01
8.590943145751953125e+01 -2.375191688537597656e+01 2.468319129943847656e+01
8.583856201171875000e+01 -1.442184638977050781e+01 8.332776069641113281e+00
8.516847229003906250e+01 -2.545158576965332031e+01 1.438419723510742188e+01
7.452217102050781250e+01 -3.264409637451171875e+01 2.290146255493164062e+01
3.013534927368164062e+01 -1.037704238891601562e+02 1.455114006996154785e+00
4.624005889892578125e+01 -1.012685317993164062e+02 2.830638885498046875e+00
5.670293426513671875e+01 -9.823780822753906250e+01 4.374615192413330078e+00
6.230451202392578125e+01 -9.748178100585937500e+01 -2.859472036361694336e+00
7.038793945312500000e+01 -8.917729187011718750e+01 -5.346148967742919922e+00
7.284428405761718750e+01 -8.238699340820312500e+01 -1.491308021545410156e+01
7.099723815917968750e+01 -7.305091094970703125e+01 -2.721817779541015625e+01
6.928102111816406250e+01 -8.736552429199218750e+01 -2.298103904724121094e+01
6.611360168457031250e+01 -9.873365783691406250e+01 -1.668066787719726562e+01
6.038335800170898438e+01 -1.036791076660156250e+02 -1.292695045471191406e+01
5.172933197021484375e+01 -1.075204544067382812e+02 -8.747657775878906250e+00
4.500355529785156250e+01 -1.067594451904296875e+02 -4.971036911010742188e+00
3.438307571411132812e+01 -1.016292572021484375e+02 -7.142419815063476562e-01
5.043440246582031250e+01 -1.007795944213867188e+02 -2.116873979568481445e+00
6.095198059082031250e+01 -9.777857971191406250e+01 -3.921437978744506836e+00
6.789251708984375000e+01 -8.932498931884765625e+01 -1.183966636657714844e+01
6.879740142822265625e+01 -7.922628784179687500e+01 -2.524101448059082031e+01
6.780444335937500000e+01 -9.056930541992187500e+01 -1.441038703918457031e+01
6.202090454101562500e+01 -1.001812591552734375e+02 -8.822748184204101562e+00
5.166540527343750000e+01 -1.028295593261718750e+02 -2.720798015594482422e+00
